$MeshFormat
2.2 0 8
$EndMeshFormat
$Nodes
125
1 0 0 0
2 0.1 0 0
3 0.1 6 0
4 0 6 0
5 0.04999999999985524 0 0
6 0.02499999999992762 0 0
7 0.07499999999992762 0 0
8 0.1 0.249999999998947 0
9 0.1 5.74999999999914 0
10 0.1 5.24999999999722 0
11 0.1 4.749999999995103 0
12 0.1 4.249999999993182 0
13 0.1 3.749999999991434 0
14 0.1 3.24999999998956 0
15 0.1 2.749999999989461 0
16 0.1 2.249999999991201 0
17 0.1 1.749999999992898 0
18 0.1 1.249999999994695 0
19 0.1 0.749999999996769 0
20 0.1 0.4999999999978941 0
21 0.1 5.499999999998281 0
22 0.1 4.999999999996158 0
23 0.1 4.499999999994049 0
24 0.1 3.999999999992316 0
25 0.1 3.499999999990552 0
26 0.1 2.999999999988569 0
27 0.1 2.499999999990353 0
28 0.1 1.999999999992049 0
29 0.1 1.499999999993747 0
30 0.1 0.9999999999956439 0
31 0.05000000000015159 6 0
32 0.0750000000000758 6 0
33 0.02500000000007579 6 0
34 0 5.750000000001739 0
35 0 0.2500000000007025 0
36 0 0.7500000000021075 0
37 0 1.250000000003513 0
38 0 1.750000000004917 0
39 0 2.250000000006398 0
40 0 2.750000000007756 0
41 0 3.250000000007284 0
42 0 3.750000000005056 0
43 0 4.250000000004327 0
44 0 4.750000000005553 0
45 0 5.250000000004906 0
46 0 5.500000000003478 0
47 0 0.5000000000014051 0
48 0 1.00000000000281 0
49 0 1.500000000004215 0
50 0 2.00000000000562 0
51 0 2.500000000007176 0
52 0 3.000000000008335 0
53 0 3.500000000006232 0
54 0 4.000000000003881 0
55 0 4.500000000004773 0
56 0 5.000000000006334 0
57 0.05 0.9999999999992271 0
58 0.04999999999992762 0.4999999999996496 0
59 0.05 5.000000000001246 0
60 0.0500000000000758 5.500000000000879 0
61 0.05 1.999999999998835 0
62 0.05 1.499999999998981 0
63 0.05 2.999999999998452 0
64 0.05 2.499999999998765 0
65 0.05 3.999999999998098 0
66 0.05 3.499999999998392 0
67 0.05 4.499999999999411 0
68 0.04999999999989143 0.2499999999998248 0
69 0.02499999999996381 0.5000000000005274 0
70 0.02499999999994571 0.2500000000002637 0
71 0.07499999999996382 0.4999999999987719 0
72 0.07499999999994572 0.2499999999993859 0
73 0.07500000000000001 0.9999999999974355 0
74 0.04999999999996381 0.7499999999994383 0
75 0.07499999999998191 0.7499999999981036 0
76 0.025 1.000000000001019 0
77 0.0249999999999819 0.7500000000007729 0
78 0.0500000000001137 5.75000000000044 0
79 0.0750000000000379 5.499999999999581 0
80 0.07500000000005684 5.74999999999979 0
81 0.0250000000000379 5.500000000002179 0
82 0.02500000000005685 5.75000000000109 0
83 0.025 5.00000000000379 0
84 0.0500000000000379 5.250000000001062 0
85 0.02500000000001895 5.250000000002984 0
86 0.07500000000000001 4.999999999998701 0
87 0.07500000000001897 5.24999999999914 0
88 0.07500000000000001 1.499999999996364 0
89 0.05 1.249999999999104 0
90 0.07500000000000001 1.2499999999969 0
91 0.07500000000000001 1.999999999995442 0
92 0.05 1.749999999998908 0
93 0.07500000000000001 1.749999999995903 0
94 0.025 2.000000000002228 0
95 0.025 1.500000000001598 0
96 0.025 1.750000000001913 0
97 0.025 1.250000000001308 0
98 0.07500000000000001 2.499999999994559 0
99 0.05 2.2499999999988 0
100 0.07500000000000001 2.249999999995 0
101 0.07500000000000001 2.999999999993511 0
102 0.05 2.749999999998608 0
103 0.07500000000000001 2.749999999994035 0
104 0.025 3.000000000003394 0
105 0.025 2.500000000002971 0
106 0.025 2.750000000003182 0
107 0.025 2.250000000002599 0
108 0.07500000000000001 3.499999999994472 0
109 0.05 3.249999999998422 0
110 0.07500000000000001 3.249999999993991 0
111 0.07500000000000001 3.999999999995207 0
112 0.05 3.749999999998245 0
113 0.07500000000000001 3.749999999994839 0
114 0.025 4.000000000000989 0
115 0.025 3.500000000002312 0
116 0.025 3.750000000001651 0
117 0.025 3.250000000002853 0
118 0.07500000000000001 4.49999999999673 0
119 0.05 4.249999999998755 0
120 0.07500000000000001 4.249999999995969 0
121 0.05 4.750000000000329 0
122 0.07500000000000001 4.749999999997716 0
123 0.025 4.500000000002093 0
124 0.025 4.75000000000294 0
125 0.025 4.250000000001541 0
$EndNodes
$Elements
156
1 15 2 0 1 1
2 15 2 0 2 2
3 15 2 0 3 3
4 15 2 0 4 4
5 1 2 0 1 1 6
6 1 2 0 1 6 5
7 1 2 0 1 5 7
8 1 2 0 1 7 2
9 1 2 0 2 2 8
10 1 2 0 2 8 20
11 1 2 0 2 20 19
12 1 2 0 2 19 30
13 1 2 0 2 30 18
14 1 2 0 2 18 29
15 1 2 0 2 29 17
16 1 2 0 2 17 28
17 1 2 0 2 28 16
18 1 2 0 2 16 27
19 1 2 0 2 27 15
20 1 2 0 2 15 26
21 1 2 0 2 26 14
22 1 2 0 2 14 25
23 1 2 0 2 25 13
24 1 2 0 2 13 24
25 1 2 0 2 24 12
26 1 2 0 2 12 23
27 1 2 0 2 23 11
28 1 2 0 2 11 22
29 1 2 0 2 22 10
30 1 2 0 2 10 21
31 1 2 0 2 21 9
32 1 2 0 2 9 3
33 1 2 0 3 3 32
34 1 2 0 3 32 31
35 1 2 0 3 31 33
36 1 2 0 3 33 4
37 1 2 0 4 4 34
38 1 2 0 4 34 46
39 1 2 0 4 46 45
40 1 2 0 4 45 56
41 1 2 0 4 56 44
42 1 2 0 4 44 55
43 1 2 0 4 55 43
44 1 2 0 4 43 54
45 1 2 0 4 54 42
46 1 2 0 4 42 53
47 1 2 0 4 53 41
48 1 2 0 4 41 52
49 1 2 0 4 52 40
50 1 2 0 4 40 51
51 1 2 0 4 51 39
52 1 2 0 4 39 50
53 1 2 0 4 50 38
54 1 2 0 4 38 49
55 1 2 0 4 49 37
56 1 2 0 4 37 48
57 1 2 0 4 48 36
58 1 2 0 4 36 47
59 1 2 0 4 47 35
60 1 2 0 4 35 1
61 3 2 0 1 1 6 70 35
62 3 2 0 1 6 5 68 70
63 3 2 0 1 70 68 58 69
64 3 2 0 1 35 70 69 47
65 3 2 0 1 5 7 72 68
66 3 2 0 1 7 2 8 72
67 3 2 0 1 72 8 20 71
68 3 2 0 1 68 72 71 58
69 3 2 0 1 58 71 75 74
70 3 2 0 1 71 20 19 75
71 3 2 0 1 75 19 30 73
72 3 2 0 1 74 75 73 57
73 3 2 0 1 47 69 77 36
74 3 2 0 1 69 58 74 77
75 3 2 0 1 77 74 57 76
76 3 2 0 1 36 77 76 48
77 3 2 0 1 3 32 80 9
78 3 2 0 1 32 31 78 80
79 3 2 0 1 80 78 60 79
80 3 2 0 1 9 80 79 21
81 3 2 0 1 31 33 82 78
82 3 2 0 1 33 4 34 82
83 3 2 0 1 82 34 46 81
84 3 2 0 1 78 82 81 60
85 3 2 0 1 60 81 85 84
86 3 2 0 1 81 46 45 85
87 3 2 0 1 85 45 56 83
88 3 2 0 1 84 85 83 59
89 3 2 0 1 21 79 87 10
90 3 2 0 1 79 60 84 87
91 3 2 0 1 87 84 59 86
92 3 2 0 1 10 87 86 22
93 3 2 0 1 30 18 90 73
94 3 2 0 1 18 29 88 90
95 3 2 0 1 90 88 62 89
96 3 2 0 1 73 90 89 57
97 3 2 0 1 29 17 93 88
98 3 2 0 1 17 28 91 93
99 3 2 0 1 93 91 61 92
100 3 2 0 1 88 93 92 62
101 3 2 0 1 62 92 96 95
102 3 2 0 1 92 61 94 96
103 3 2 0 1 96 94 50 38
104 3 2 0 1 95 96 38 49
105 3 2 0 1 57 89 97 76
106 3 2 0 1 89 62 95 97
107 3 2 0 1 97 95 49 37
108 3 2 0 1 76 97 37 48
109 3 2 0 1 28 16 100 91
110 3 2 0 1 16 27 98 100
111 3 2 0 1 100 98 64 99
112 3 2 0 1 91 100 99 61
113 3 2 0 1 27 15 103 98
114 3 2 0 1 15 26 101 103
115 3 2 0 1 103 101 63 102
116 3 2 0 1 98 103 102 64
117 3 2 0 1 64 102 106 105
118 3 2 0 1 102 63 104 106
119 3 2 0 1 106 104 52 40
120 3 2 0 1 105 106 40 51
121 3 2 0 1 61 99 107 94
122 3 2 0 1 99 64 105 107
123 3 2 0 1 107 105 51 39
124 3 2 0 1 94 107 39 50
125 3 2 0 1 26 14 110 101
126 3 2 0 1 14 25 108 110
127 3 2 0 1 110 108 66 109
128 3 2 0 1 101 110 109 63
129 3 2 0 1 25 13 113 108
130 3 2 0 1 13 24 111 113
131 3 2 0 1 113 111 65 112
132 3 2 0 1 108 113 112 66
133 3 2 0 1 66 112 116 115
134 3 2 0 1 112 65 114 116
135 3 2 0 1 116 114 54 42
136 3 2 0 1 115 116 42 53
137 3 2 0 1 63 109 117 104
138 3 2 0 1 109 66 115 117
139 3 2 0 1 117 115 53 41
140 3 2 0 1 104 117 41 52
141 3 2 0 1 24 12 120 111
142 3 2 0 1 12 23 118 120
143 3 2 0 1 120 118 67 119
144 3 2 0 1 111 120 119 65
145 3 2 0 1 23 11 122 118
146 3 2 0 1 11 22 86 122
147 3 2 0 1 122 86 59 121
148 3 2 0 1 118 122 121 67
149 3 2 0 1 67 121 124 123
150 3 2 0 1 121 59 83 124
151 3 2 0 1 124 83 56 44
152 3 2 0 1 123 124 44 55
153 3 2 0 1 65 119 125 114
154 3 2 0 1 119 67 123 125
155 3 2 0 1 125 123 55 43
156 3 2 0 1 114 125 43 54
$EndElements
