$MeshFormat
2.2 0 8
$EndMeshFormat
$Nodes
289
1 0 0 0
2 0.1 0 0
3 0.1 1 0
4 0 1 0
5 0.0125 0 0
6 0.025 0 0
7 0.03750000000000001 0 0
8 0.05 0 0
9 0.0625 0 0
10 0.07500000000000001 0 0
11 0.08750000000000001 0 0
12 0.00625 0 0
13 0.01875 0 0
14 0.03125000000000001 0 0
15 0.04375000000000001 0 0
16 0.05625 0 0
17 0.06875000000000001 0 0
18 0.08125000000000002 0 0
19 0.09375 0 0
20 0.1 0.125 0
21 0.1 0.25 0
22 0.1 0.3749999999999999 0
23 0.1 0.4999999999999999 0
24 0.1 0.625 0
25 0.1 0.75 0
26 0.1 0.875 0
27 0.1 0.0625 0
28 0.1 0.1875 0
29 0.1 0.3124999999999999 0
30 0.1 0.4374999999999999 0
31 0.1 0.5625 0
32 0.1 0.6875 0
33 0.1 0.8125 0
34 0.1 0.9375 0
35 0.08750000000000001 1 0
36 0.07500000000000001 1 0
37 0.0625 1 0
38 0.05 1 0
39 0.03750000000000001 1 0
40 0.02499999999999999 1 0
41 0.0125 1 0
42 0.09375 1 0
43 0.08125000000000002 1 0
44 0.06875000000000001 1 0
45 0.05625 1 0
46 0.04375000000000001 1 0
47 0.03125 1 0
48 0.01875 1 0
49 0.00625 1 0
50 0 0.875 0
51 0 0.75 0
52 0 0.625 0
53 0 0.5 0
54 0 0.375 0
55 0 0.25 0
56 0 0.125 0
57 0 0.9375 0
58 0 0.8125 0
59 0 0.6875 0
60 0 0.5625 0
61 0 0.4375 0
62 0 0.3125 0
63 0 0.1875 0
64 0 0.0625 0
65 0.05 0.5 0
66 0.07500000000000001 0.5 0
67 0.05 0.25 0
68 0.07500000000000001 0.25 0
69 0.05 0.75 0
70 0.07500000000000001 0.75 0
71 0.025 0.5 0
72 0.025 0.75 0
73 0.025 0.25 0
74 0.08750000000000001 0.25 0
75 0.07500000000000001 0.125 0
76 0.08750000000000001 0.125 0
77 0.08750000000000001 0.5 0
78 0.07500000000000001 0.375 0
79 0.08750000000000001 0.375 0
80 0.0625 0.5 0
81 0.05 0.375 0
82 0.0625 0.25 0
83 0.0625 0.375 0
84 0.05 0.125 0
85 0.0625 0.125 0
86 0.08750000000000001 0.75 0
87 0.07500000000000001 0.625 0
88 0.08750000000000001 0.625 0
89 0.07500000000000001 0.875 0
90 0.08750000000000001 0.875 0
91 0.05 0.875 0
92 0.0625 0.75 0
93 0.0625 0.875 0
94 0.05 0.625 0
95 0.0625 0.625 0
96 0.0375 0.75 0
97 0.025 0.625 0
98 0.03750000000000001 0.5 0
99 0.03750000000000001 0.625 0
100 0.02499999999999999 0.875 0
101 0.03750000000000001 0.875 0
102 0.0125 0.75 0
103 0.0125 0.875 0
104 0.0125 0.5 0
105 0.0125 0.625 0
106 0.03750000000000001 0.25 0
107 0.025 0.125 0
108 0.03750000000000001 0.125 0
109 0.025 0.375 0
110 0.03750000000000001 0.375 0
111 0.0125 0.25 0
112 0.0125 0.375 0
113 0.0125 0.125 0
114 0.09375 0.125 0
115 0.08750000000000001 0.0625 0
116 0.09375 0.0625 0
117 0.09375 0.25 0
118 0.08750000000000001 0.1875 0
119 0.09375 0.1875 0
120 0.08125000000000002 0.25 0
121 0.07500000000000001 0.1875 0
122 0.08125000000000002 0.125 0
123 0.08125000000000002 0.1875 0
124 0.07500000000000001 0.0625 0
125 0.08125000000000002 0.0625 0
126 0.09375 0.3749999999999999 0
127 0.08750000000000001 0.3125 0
128 0.09375 0.3124999999999999 0
129 0.09375 0.4999999999999999 0
130 0.08750000000000001 0.4375 0
131 0.09375 0.4374999999999999 0
132 0.08125000000000002 0.5 0
133 0.07500000000000001 0.4375 0
134 0.08125000000000002 0.375 0
135 0.08125000000000002 0.4375 0
136 0.07500000000000001 0.3125 0
137 0.08125000000000002 0.3125 0
138 0.06875000000000001 0.375 0
139 0.0625 0.3125 0
140 0.06875000000000001 0.25 0
141 0.06875000000000001 0.3125 0
142 0.06875000000000001 0.5 0
143 0.0625 0.4375 0
144 0.06875000000000001 0.4375 0
145 0.05625 0.5 0
146 0.05 0.4375 0
147 0.05625 0.375 0
148 0.05625000000000001 0.4375 0
149 0.05 0.3125 0
150 0.05625 0.25 0
151 0.05625000000000001 0.3125 0
152 0.06875000000000001 0.125 0
153 0.0625 0.0625 0
154 0.06875000000000001 0.0625 0
155 0.0625 0.1875 0
156 0.06875000000000001 0.1875 0
157 0.05 0.1875 0
158 0.05625 0.125 0
159 0.05625000000000001 0.1875 0
160 0.05 0.0625 0
161 0.05625000000000001 0.0625 0
162 0.09375 0.625 0
163 0.08750000000000001 0.5625 0
164 0.09375 0.5625 0
165 0.09375 0.75 0
166 0.08750000000000001 0.6875 0
167 0.09375 0.6875 0
168 0.08125000000000002 0.75 0
169 0.07500000000000001 0.6875 0
170 0.08125000000000002 0.625 0
171 0.08125000000000002 0.6875 0
172 0.07500000000000001 0.5625 0
173 0.08125000000000002 0.5625 0
174 0.09375 0.875 0
175 0.08750000000000001 0.8125 0
176 0.09375 0.8125 0
177 0.08750000000000001 0.9375 0
178 0.09375 0.9375 0
179 0.07500000000000001 0.9375 0
180 0.08125000000000002 0.875 0
181 0.08125000000000002 0.9375 0
182 0.07500000000000001 0.8125 0
183 0.08125000000000002 0.8125 0
184 0.06875000000000001 0.875 0
185 0.0625 0.8125 0
186 0.06875000000000001 0.75 0
187 0.06875000000000001 0.8125 0
188 0.0625 0.9375 0
189 0.06875000000000001 0.9375 0
190 0.05 0.9375 0
191 0.05625 0.875 0
192 0.05625000000000001 0.9375 0
193 0.05 0.8125 0
194 0.05625 0.75 0
195 0.05625000000000001 0.8125 0
196 0.06875000000000001 0.625 0
197 0.0625 0.5625 0
198 0.06875000000000001 0.5625 0
199 0.0625 0.6875 0
200 0.06875000000000001 0.6875 0
201 0.05 0.6875 0
202 0.05625 0.625 0
203 0.05625000000000001 0.6875 0
204 0.05 0.5625 0
205 0.05625000000000001 0.5625 0
206 0.04375000000000001 0.625 0
207 0.03750000000000001 0.5625 0
208 0.04375000000000001 0.5 0
209 0.04375000000000001 0.5625 0
210 0.04375 0.75 0
211 0.03750000000000001 0.6875 0
212 0.04375 0.6875 0
213 0.03125 0.75 0
214 0.025 0.6875 0
215 0.03125000000000001 0.625 0
216 0.03125000000000001 0.6875 0
217 0.025 0.5625 0
218 0.03125000000000001 0.5 0
219 0.03125000000000001 0.5625 0
220 0.04375000000000001 0.875 0
221 0.03750000000000001 0.8125 0
222 0.04375 0.8125 0
223 0.03750000000000001 0.9375 0
224 0.04375000000000001 0.9375 0
225 0.02499999999999999 0.9375 0
226 0.03125 0.875 0
227 0.03125 0.9375 0
228 0.02499999999999999 0.8125 0
229 0.03125 0.8125 0
230 0.01875 0.875 0
231 0.0125 0.8125 0
232 0.01875 0.75 0
233 0.01875 0.8125 0
234 0.0125 0.9375 0
235 0.01875 0.9375 0
236 0.00625 0.875 0
237 0.00625 0.9375 0
238 0.00625 0.75 0
239 0.00625 0.8125 0
240 0.01875 0.625 0
241 0.0125 0.5625 0
242 0.01875 0.5 0
243 0.01875 0.5625 0
244 0.0125 0.6875 0
245 0.01875 0.6875 0
246 0.00625 0.625 0
247 0.00625 0.6875 0
248 0.00625 0.5 0
249 0.00625 0.5625 0
250 0.04375000000000001 0.125 0
251 0.03750000000000001 0.0625 0
252 0.04375000000000001 0.0625 0
253 0.04375000000000001 0.25 0
254 0.03750000000000001 0.1875 0
255 0.04375000000000001 0.1875 0
256 0.03125000000000001 0.25 0
257 0.025 0.1875 0
258 0.03125000000000001 0.125 0
259 0.03125000000000001 0.1875 0
260 0.025 0.0625 0
261 0.03125000000000001 0.0625 0
262 0.04375000000000001 0.375 0
263 0.03750000000000001 0.3125 0
264 0.04375000000000001 0.3125 0
265 0.03750000000000001 0.4375 0
266 0.04375000000000001 0.4375 0
267 0.025 0.4375 0
268 0.03125000000000001 0.375 0
269 0.03125000000000001 0.4375 0
270 0.025 0.3125 0
271 0.03125000000000001 0.3125 0
272 0.01875 0.375 0
273 0.0125 0.3125 0
274 0.01875 0.25 0
275 0.01875 0.3125 0
276 0.0125 0.4375 0
277 0.01875 0.4375 0
278 0.00625 0.375 0
279 0.00625 0.4375 0
280 0.00625 0.25 0
281 0.00625 0.3125 0
282 0.01875 0.125 0
283 0.0125 0.0625 0
284 0.01875 0.0625 0
285 0.0125 0.1875 0
286 0.01875 0.1875 0
287 0.00625 0.125 0
288 0.00625 0.1875 0
289 0.00625 0.0625 0
$EndNodes
$Elements
324
1 15 2 0 1 1
2 15 2 0 2 2
3 15 2 0 3 3
4 15 2 0 4 4
5 1 2 0 1 1 12
6 1 2 0 1 12 5
7 1 2 0 1 5 13
8 1 2 0 1 13 6
9 1 2 0 1 6 14
10 1 2 0 1 14 7
11 1 2 0 1 7 15
12 1 2 0 1 15 8
13 1 2 0 1 8 16
14 1 2 0 1 16 9
15 1 2 0 1 9 17
16 1 2 0 1 17 10
17 1 2 0 1 10 18
18 1 2 0 1 18 11
19 1 2 0 1 11 19
20 1 2 0 1 19 2
21 1 2 0 2 2 27
22 1 2 0 2 27 20
23 1 2 0 2 20 28
24 1 2 0 2 28 21
25 1 2 0 2 21 29
26 1 2 0 2 29 22
27 1 2 0 2 22 30
28 1 2 0 2 30 23
29 1 2 0 2 23 31
30 1 2 0 2 31 24
31 1 2 0 2 24 32
32 1 2 0 2 32 25
33 1 2 0 2 25 33
34 1 2 0 2 33 26
35 1 2 0 2 26 34
36 1 2 0 2 34 3
37 1 2 0 3 3 42
38 1 2 0 3 42 35
39 1 2 0 3 35 43
40 1 2 0 3 43 36
41 1 2 0 3 36 44
42 1 2 0 3 44 37
43 1 2 0 3 37 45
44 1 2 0 3 45 38
45 1 2 0 3 38 46
46 1 2 0 3 46 39
47 1 2 0 3 39 47
48 1 2 0 3 47 40
49 1 2 0 3 40 48
50 1 2 0 3 48 41
51 1 2 0 3 41 49
52 1 2 0 3 49 4
53 1 2 0 4 4 57
54 1 2 0 4 57 50
55 1 2 0 4 50 58
56 1 2 0 4 58 51
57 1 2 0 4 51 59
58 1 2 0 4 59 52
59 1 2 0 4 52 60
60 1 2 0 4 60 53
61 1 2 0 4 53 61
62 1 2 0 4 61 54
63 1 2 0 4 54 62
64 1 2 0 4 62 55
65 1 2 0 4 55 63
66 1 2 0 4 63 56
67 1 2 0 4 56 64
68 1 2 0 4 64 1
69 3 2 0 1 2 27 116 19
70 3 2 0 1 27 20 114 116
71 3 2 0 1 116 114 76 115
72 3 2 0 1 19 116 115 11
73 3 2 0 1 20 28 119 114
74 3 2 0 1 28 21 117 119
75 3 2 0 1 119 117 74 118
76 3 2 0 1 114 119 118 76
77 3 2 0 1 76 118 123 122
78 3 2 0 1 118 74 120 123
79 3 2 0 1 123 120 68 121
80 3 2 0 1 122 123 121 75
81 3 2 0 1 11 115 125 18
82 3 2 0 1 115 76 122 125
83 3 2 0 1 125 122 75 124
84 3 2 0 1 18 125 124 10
85 3 2 0 1 21 29 128 117
86 3 2 0 1 29 22 126 128
87 3 2 0 1 128 126 79 127
88 3 2 0 1 117 128 127 74
89 3 2 0 1 22 30 131 126
90 3 2 0 1 30 23 129 131
91 3 2 0 1 131 129 77 130
92 3 2 0 1 126 131 130 79
93 3 2 0 1 79 130 135 134
94 3 2 0 1 130 77 132 135
95 3 2 0 1 135 132 66 133
96 3 2 0 1 134 135 133 78
97 3 2 0 1 74 127 137 120
98 3 2 0 1 127 79 134 137
99 3 2 0 1 137 134 78 136
100 3 2 0 1 120 137 136 68
101 3 2 0 1 68 136 141 140
102 3 2 0 1 136 78 138 141
103 3 2 0 1 141 138 83 139
104 3 2 0 1 140 141 139 82
105 3 2 0 1 78 133 144 138
106 3 2 0 1 133 66 142 144
107 3 2 0 1 144 142 80 143
108 3 2 0 1 138 144 143 83
109 3 2 0 1 83 143 148 147
110 3 2 0 1 143 80 145 148
111 3 2 0 1 148 145 65 146
112 3 2 0 1 147 148 146 81
113 3 2 0 1 82 139 151 150
114 3 2 0 1 139 83 147 151
115 3 2 0 1 151 147 81 149
116 3 2 0 1 150 151 149 67
117 3 2 0 1 10 124 154 17
118 3 2 0 1 124 75 152 154
119 3 2 0 1 154 152 85 153
120 3 2 0 1 17 154 153 9
121 3 2 0 1 75 121 156 152
122 3 2 0 1 121 68 140 156
123 3 2 0 1 156 140 82 155
124 3 2 0 1 152 156 155 85
125 3 2 0 1 85 155 159 158
126 3 2 0 1 155 82 150 159
127 3 2 0 1 159 150 67 157
128 3 2 0 1 158 159 157 84
129 3 2 0 1 9 153 161 16
130 3 2 0 1 153 85 158 161
131 3 2 0 1 161 158 84 160
132 3 2 0 1 16 161 160 8
133 3 2 0 1 23 31 164 129
134 3 2 0 1 31 24 162 164
135 3 2 0 1 164 162 88 163
136 3 2 0 1 129 164 163 77
137 3 2 0 1 24 32 167 162
138 3 2 0 1 32 25 165 167
139 3 2 0 1 167 165 86 166
140 3 2 0 1 162 167 166 88
141 3 2 0 1 88 166 171 170
142 3 2 0 1 166 86 168 171
143 3 2 0 1 171 168 70 169
144 3 2 0 1 170 171 169 87
145 3 2 0 1 77 163 173 132
146 3 2 0 1 163 88 170 173
147 3 2 0 1 173 170 87 172
148 3 2 0 1 132 173 172 66
149 3 2 0 1 25 33 176 165
150 3 2 0 1 33 26 174 176
151 3 2 0 1 176 174 90 175
152 3 2 0 1 165 176 175 86
153 3 2 0 1 26 34 178 174
154 3 2 0 1 34 3 42 178
155 3 2 0 1 178 42 35 177
156 3 2 0 1 174 178 177 90
157 3 2 0 1 90 177 181 180
158 3 2 0 1 177 35 43 181
159 3 2 0 1 181 43 36 179
160 3 2 0 1 180 181 179 89
161 3 2 0 1 86 175 183 168
162 3 2 0 1 175 90 180 183
163 3 2 0 1 183 180 89 182
164 3 2 0 1 168 183 182 70
165 3 2 0 1 70 182 187 186
166 3 2 0 1 182 89 184 187
167 3 2 0 1 187 184 93 185
168 3 2 0 1 186 187 185 92
169 3 2 0 1 89 179 189 184
170 3 2 0 1 179 36 44 189
171 3 2 0 1 189 44 37 188
172 3 2 0 1 184 189 188 93
173 3 2 0 1 93 188 192 191
174 3 2 0 1 188 37 45 192
175 3 2 0 1 192 45 38 190
176 3 2 0 1 191 192 190 91
177 3 2 0 1 92 185 195 194
178 3 2 0 1 185 93 191 195
179 3 2 0 1 195 191 91 193
180 3 2 0 1 194 195 193 69
181 3 2 0 1 66 172 198 142
182 3 2 0 1 172 87 196 198
183 3 2 0 1 198 196 95 197
184 3 2 0 1 142 198 197 80
185 3 2 0 1 87 169 200 196
186 3 2 0 1 169 70 186 200
187 3 2 0 1 200 186 92 199
188 3 2 0 1 196 200 199 95
189 3 2 0 1 95 199 203 202
190 3 2 0 1 199 92 194 203
191 3 2 0 1 203 194 69 201
192 3 2 0 1 202 203 201 94
193 3 2 0 1 80 197 205 145
194 3 2 0 1 197 95 202 205
195 3 2 0 1 205 202 94 204
196 3 2 0 1 145 205 204 65
197 3 2 0 1 65 204 209 208
198 3 2 0 1 204 94 206 209
199 3 2 0 1 209 206 99 207
200 3 2 0 1 208 209 207 98
201 3 2 0 1 94 201 212 206
202 3 2 0 1 201 69 210 212
203 3 2 0 1 212 210 96 211
204 3 2 0 1 206 212 211 99
205 3 2 0 1 99 211 216 215
206 3 2 0 1 211 96 213 216
207 3 2 0 1 216 213 72 214
208 3 2 0 1 215 216 214 97
209 3 2 0 1 98 207 219 218
210 3 2 0 1 207 99 215 219
211 3 2 0 1 219 215 97 217
212 3 2 0 1 218 219 217 71
213 3 2 0 1 69 193 222 210
214 3 2 0 1 193 91 220 222
215 3 2 0 1 222 220 101 221
216 3 2 0 1 210 222 221 96
217 3 2 0 1 91 190 224 220
218 3 2 0 1 190 38 46 224
219 3 2 0 1 224 46 39 223
220 3 2 0 1 220 224 223 101
221 3 2 0 1 101 223 227 226
222 3 2 0 1 223 39 47 227
223 3 2 0 1 227 47 40 225
224 3 2 0 1 226 227 225 100
225 3 2 0 1 96 221 229 213
226 3 2 0 1 221 101 226 229
227 3 2 0 1 229 226 100 228
228 3 2 0 1 213 229 228 72
229 3 2 0 1 72 228 233 232
230 3 2 0 1 228 100 230 233
231 3 2 0 1 233 230 103 231
232 3 2 0 1 232 233 231 102
233 3 2 0 1 100 225 235 230
234 3 2 0 1 225 40 48 235
235 3 2 0 1 235 48 41 234
236 3 2 0 1 230 235 234 103
237 3 2 0 1 103 234 237 236
238 3 2 0 1 234 41 49 237
239 3 2 0 1 237 49 4 57
240 3 2 0 1 236 237 57 50
241 3 2 0 1 102 231 239 238
242 3 2 0 1 231 103 236 239
243 3 2 0 1 239 236 50 58
244 3 2 0 1 238 239 58 51
245 3 2 0 1 71 217 243 242
246 3 2 0 1 217 97 240 243
247 3 2 0 1 243 240 105 241
248 3 2 0 1 242 243 241 104
249 3 2 0 1 97 214 245 240
250 3 2 0 1 214 72 232 245
251 3 2 0 1 245 232 102 244
252 3 2 0 1 240 245 244 105
253 3 2 0 1 105 244 247 246
254 3 2 0 1 244 102 238 247
255 3 2 0 1 247 238 51 59
256 3 2 0 1 246 247 59 52
257 3 2 0 1 104 241 249 248
258 3 2 0 1 241 105 246 249
259 3 2 0 1 249 246 52 60
260 3 2 0 1 248 249 60 53
261 3 2 0 1 8 160 252 15
262 3 2 0 1 160 84 250 252
263 3 2 0 1 252 250 108 251
264 3 2 0 1 15 252 251 7
265 3 2 0 1 84 157 255 250
266 3 2 0 1 157 67 253 255
267 3 2 0 1 255 253 106 254
268 3 2 0 1 250 255 254 108
269 3 2 0 1 108 254 259 258
270 3 2 0 1 254 106 256 259
271 3 2 0 1 259 256 73 257
272 3 2 0 1 258 259 257 107
273 3 2 0 1 7 251 261 14
274 3 2 0 1 251 108 258 261
275 3 2 0 1 261 258 107 260
276 3 2 0 1 14 261 260 6
277 3 2 0 1 67 149 264 253
278 3 2 0 1 149 81 262 264
279 3 2 0 1 264 262 110 263
280 3 2 0 1 253 264 263 106
281 3 2 0 1 81 146 266 262
282 3 2 0 1 146 65 208 266
283 3 2 0 1 266 208 98 265
284 3 2 0 1 262 266 265 110
285 3 2 0 1 110 265 269 268
286 3 2 0 1 265 98 218 269
287 3 2 0 1 269 218 71 267
288 3 2 0 1 268 269 267 109
289 3 2 0 1 106 263 271 256
290 3 2 0 1 263 110 268 271
291 3 2 0 1 271 268 109 270
292 3 2 0 1 256 271 270 73
293 3 2 0 1 73 270 275 274
294 3 2 0 1 270 109 272 275
295 3 2 0 1 275 272 112 273
296 3 2 0 1 274 275 273 111
297 3 2 0 1 109 267 277 272
298 3 2 0 1 267 71 242 277
299 3 2 0 1 277 242 104 276
300 3 2 0 1 272 277 276 112
301 3 2 0 1 112 276 279 278
302 3 2 0 1 276 104 248 279
303 3 2 0 1 279 248 53 61
304 3 2 0 1 278 279 61 54
305 3 2 0 1 111 273 281 280
306 3 2 0 1 273 112 278 281
307 3 2 0 1 281 278 54 62
308 3 2 0 1 280 281 62 55
309 3 2 0 1 6 260 284 13
310 3 2 0 1 260 107 282 284
311 3 2 0 1 284 282 113 283
312 3 2 0 1 13 284 283 5
313 3 2 0 1 107 257 286 282
314 3 2 0 1 257 73 274 286
315 3 2 0 1 286 274 111 285
316 3 2 0 1 282 286 285 113
317 3 2 0 1 113 285 288 287
318 3 2 0 1 285 111 280 288
319 3 2 0 1 288 280 55 63
320 3 2 0 1 287 288 63 56
321 3 2 0 1 5 283 289 12
322 3 2 0 1 283 113 287 289
323 3 2 0 1 289 287 56 64
324 3 2 0 1 12 289 64 1
$EndElements
