$MeshFormat
2.2 0 8
$EndMeshFormat
$Nodes
465
1 0 0 0
2 15 0 0
3 15 7 0
4 0 7 0
5 0.5 0 0
6 14.5 0 0
7 13.5 0 0
8 12.5 0 0
9 11.5 0 0
10 10.5 0 0
11 9.5 0 0
12 8.5 0 0
13 7.5 0 0
14 6.5 0 0
15 5.5 0 0
16 4.5 0 0
17 3.5 0 0
18 2.5 0 0
19 1.5 0 0
20 1 0 0
21 14 0 0
22 13 0 0
23 12 0 0
24 11 0 0
25 10 0 0
26 9 0 0
27 8 0 0
28 7 0 0
29 6 0 0
30 5 0 0
31 4 0 0
32 3 0 0
33 2 0 0
34 15 1 0
35 15 2 0
36 15 3 0
37 15 4 0
38 15 5 0
39 15 6 0
40 15 0.5 0
41 15 1.5 0
42 15 2.5 0
43 15 3.5 0
44 15 4.5 0
45 15 5.5 0
46 15 6.5 0
47 14.5 7 0
48 0.5 7 0
49 1.5 7 0
50 2.5 7 0
51 3.5 7 0
52 4.5 7 0
53 5.5 7 0
54 6.5 7 0
55 7.5 7 0
56 8.5 7 0
57 9.5 7 0
58 10.5 7 0
59 11.5 7 0
60 12.5 7 0
61 13.5 7 0
62 14 7 0
63 1 7 0
64 2 7 0
65 3 7 0
66 4 7 0
67 5 7 0
68 6 7 0
69 7 7 0
70 8 7 0
71 9 7 0
72 10 7 0
73 11 7 0
74 12 7 0
75 13 7 0
76 0 6 0
77 0 5 0
78 0 4 0
79 0 3 0
80 0 2 0
81 0 1 0
82 0 6.5 0
83 0 5.5 0
84 0 4.5 0
85 0 3.5 0
86 0 2.5 0
87 0 1.5 0
88 0 0.5 0
89 14 6 0
90 14 5 0
91 14 4 0
92 14 3 0
93 14 2 0
94 14 1 0
95 13 6 0
96 13 5 0
97 13 4 0
98 13 3 0
99 13 2 0
100 13 1 0
101 12 6 0
102 12 5 0
103 12 4 0
104 12 3 0
105 12 2 0
106 12 1 0
107 11 6 0
108 11 5 0
109 11 4 0
110 11 3 0
111 11 2 0
112 11 1 0
113 10 6 0
114 10 5 0
115 10 4 0
116 10 3 0
117 10 2 0
118 10 1 0
119 9 6 0
120 9 5 0
121 9 4 0
122 9 3 0
123 9 2 0
124 9 1 0
125 8 6 0
126 8 5 0
127 8 4 0
128 8 3 0
129 8 2 0
130 8 1 0
131 7 6 0
132 7 5 0
133 7 4 0
134 7 3 0
135 7 2 0
136 7 1 0
137 6 6 0
138 6 5 0
139 6 4 0
140 6 3 0
141 6 2 0
142 6 1 0
143 5 6 0
144 5 5 0
145 5 4 0
146 5 3 0
147 5 2 0
148 5 1 0
149 4 6 0
150 4 5 0
151 4 4 0
152 4 3 0
153 4 2 0
154 4 1 0
155 3 6 0
156 3 5 0
157 3 4 0
158 3 3 0
159 3 2 0
160 3 1 0
161 2 6 0
162 2 5 0
163 2 4 0
164 2 3 0
165 2 2 0
166 2 1 0
167 1 6 0
168 1 5 0
169 1 4 0
170 1 3 0
171 1 2 0
172 1 1 0
173 14 6.5 0
174 14.5 6 0
175 14.5 6.5 0
176 14 5.5 0
177 14.5 5 0
178 14.5 5.5 0
179 14 4.5 0
180 14.5 4 0
181 14.5 4.5 0
182 14 3.5 0
183 14.5 3 0
184 14.5 3.5 0
185 14 2.5 0
186 14.5 2 0
187 14.5 2.5 0
188 14 1.5 0
189 14.5 1 0
190 14.5 1.5 0
191 14 0.5 0
192 14.5 0.5 0
193 13 6.5 0
194 13.5 6 0
195 13.5 6.5 0
196 13 5.5 0
197 13.5 5 0
198 13.5 5.5 0
199 13 4.5 0
200 13.5 4 0
201 13.5 4.5 0
202 13 3.5 0
203 13.5 3 0
204 13.5 3.5 0
205 13 2.5 0
206 13.5 2 0
207 13.5 2.5 0
208 13 1.5 0
209 13.5 1 0
210 13.5 1.5 0
211 13 0.5 0
212 13.5 0.5 0
213 12 6.5 0
214 12.5 6 0
215 12.5 6.5 0
216 12 5.5 0
217 12.5 5 0
218 12.5 5.5 0
219 12 4.5 0
220 12.5 4 0
221 12.5 4.5 0
222 12 3.5 0
223 12.5 3 0
224 12.5 3.5 0
225 12 2.5 0
226 12.5 2 0
227 12.5 2.5 0
228 12 1.5 0
229 12.5 1 0
230 12.5 1.5 0
231 12 0.5 0
232 12.5 0.5 0
233 11 6.5 0
234 11.5 6 0
235 11.5 6.5 0
236 11 5.5 0
237 11.5 5 0
238 11.5 5.5 0
239 11 4.5 0
240 11.5 4 0
241 11.5 4.5 0
242 11 3.5 0
243 11.5 3 0
244 11.5 3.5 0
245 11 2.5 0
246 11.5 2 0
247 11.5 2.5 0
248 11 1.5 0
249 11.5 1 0
250 11.5 1.5 0
251 11 0.5 0
252 11.5 0.5 0
253 10 6.5 0
254 10.5 6 0
255 10.5 6.5 0
256 10 5.5 0
257 10.5 5 0
258 10.5 5.5 0
259 10 4.5 0
260 10.5 4 0
261 10.5 4.5 0
262 10 3.5 0
263 10.5 3 0
264 10.5 3.5 0
265 10 2.5 0
266 10.5 2 0
267 10.5 2.5 0
268 10 1.5 0
269 10.5 1 0
270 10.5 1.5 0
271 10 0.5 0
272 10.5 0.5 0
273 9 6.5 0
274 9.5 6 0
275 9.5 6.5 0
276 9 5.5 0
277 9.5 5 0
278 9.5 5.5 0
279 9 4.5 0
280 9.5 4 0
281 9.5 4.5 0
282 9 3.5 0
283 9.5 3 0
284 9.5 3.5 0
285 9 2.5 0
286 9.5 2 0
287 9.5 2.5 0
288 9 1.5 0
289 9.5 1 0
290 9.5 1.5 0
291 9 0.5 0
292 9.5 0.5 0
293 8 6.5 0
294 8.5 6 0
295 8.5 6.5 0
296 8 5.5 0
297 8.5 5 0
298 8.5 5.5 0
299 8 4.5 0
300 8.5 4 0
301 8.5 4.5 0
302 8 3.5 0
303 8.5 3 0
304 8.5 3.5 0
305 8 2.5 0
306 8.5 2 0
307 8.5 2.5 0
308 8 1.5 0
309 8.5 1 0
310 8.5 1.5 0
311 8 0.5 0
312 8.5 0.5 0
313 7 6.5 0
314 7.5 6 0
315 7.5 6.5 0
316 7 5.5 0
317 7.5 5 0
318 7.5 5.5 0
319 7 4.5 0
320 7.5 4 0
321 7.5 4.5 0
322 7 3.5 0
323 7.5 3 0
324 7.5 3.5 0
325 7 2.5 0
326 7.5 2 0
327 7.5 2.5 0
328 7 1.5 0
329 7.5 1 0
330 7.5 1.5 0
331 7 0.5 0
332 7.5 0.5 0
333 6 6.5 0
334 6.5 6 0
335 6.5 6.5 0
336 6 5.5 0
337 6.5 5 0
338 6.5 5.5 0
339 6 4.5 0
340 6.5 4 0
341 6.5 4.5 0
342 6 3.5 0
343 6.5 3 0
344 6.5 3.5 0
345 6 2.5 0
346 6.5 2 0
347 6.5 2.5 0
348 6 1.5 0
349 6.5 1 0
350 6.5 1.5 0
351 6 0.5 0
352 6.5 0.5 0
353 5 6.5 0
354 5.5 6 0
355 5.5 6.5 0
356 5 5.5 0
357 5.5 5 0
358 5.5 5.5 0
359 5 4.5 0
360 5.5 4 0
361 5.5 4.5 0
362 5 3.5 0
363 5.5 3 0
364 5.5 3.5 0
365 5 2.5 0
366 5.5 2 0
367 5.5 2.5 0
368 5 1.5 0
369 5.5 1 0
370 5.5 1.5 0
371 5 0.5 0
372 5.5 0.5 0
373 4 6.5 0
374 4.5 6 0
375 4.5 6.5 0
376 4 5.5 0
377 4.5 5 0
378 4.5 5.5 0
379 4 4.5 0
380 4.5 4 0
381 4.5 4.5 0
382 4 3.5 0
383 4.5 3 0
384 4.5 3.5 0
385 4 2.5 0
386 4.5 2 0
387 4.5 2.5 0
388 4 1.5 0
389 4.5 1 0
390 4.5 1.5 0
391 4 0.5 0
392 4.5 0.5 0
393 3 6.5 0
394 3.5 6 0
395 3.5 6.5 0
396 3 5.5 0
397 3.5 5 0
398 3.5 5.5 0
399 3 4.5 0
400 3.5 4 0
401 3.5 4.5 0
402 3 3.5 0
403 3.5 3 0
404 3.5 3.5 0
405 3 2.5 0
406 3.5 2 0
407 3.5 2.5 0
408 3 1.5 0
409 3.5 1 0
410 3.5 1.5 0
411 3 0.5 0
412 3.5 0.5 0
413 2 6.5 0
414 2.5 6 0
415 2.5 6.5 0
416 2 5.5 0
417 2.5 5 0
418 2.5 5.5 0
419 2 4.5 0
420 2.5 4 0
421 2.5 4.5 0
422 2 3.5 0
423 2.5 3 0
424 2.5 3.5 0
425 2 2.5 0
426 2.5 2 0
427 2.5 2.5 0
428 2 1.5 0
429 2.5 1 0
430 2.5 1.5 0
431 2 0.5 0
432 2.5 0.5 0
433 1 6.5 0
434 1.5 6 0
435 1.5 6.5 0
436 1 5.5 0
437 1.5 5 0
438 1.5 5.5 0
439 1 4.5 0
440 1.5 4 0
441 1.5 4.5 0
442 1 3.5 0
443 1.5 3 0
444 1.5 3.5 0
445 1 2.5 0
446 1.5 2 0
447 1.5 2.5 0
448 1 1.5 0
449 1.5 1 0
450 1.5 1.5 0
451 1 0.5 0
452 1.5 0.5 0
453 0.5 6 0
454 0.5 6.5 0
455 0.5 5 0
456 0.5 5.5 0
457 0.5 4 0
458 0.5 4.5 0
459 0.5 3 0
460 0.5 3.5 0
461 0.5 2 0
462 0.5 2.5 0
463 0.5 1 0
464 0.5 1.5 0
465 0.5 0.5 0
$EndNodes
$Elements
512
1 15 2 0 1 1
2 15 2 0 2 2
3 15 2 0 3 3
4 15 2 0 4 4
5 1 2 0 1 1 5
6 1 2 0 1 5 20
7 1 2 0 1 20 19
8 1 2 0 1 19 33
9 1 2 0 1 33 18
10 1 2 0 1 18 32
11 1 2 0 1 32 17
12 1 2 0 1 17 31
13 1 2 0 1 31 16
14 1 2 0 1 16 30
15 1 2 0 1 30 15
16 1 2 0 1 15 29
17 1 2 0 1 29 14
18 1 2 0 1 14 28
19 1 2 0 1 28 13
20 1 2 0 1 13 27
21 1 2 0 1 27 12
22 1 2 0 1 12 26
23 1 2 0 1 26 11
24 1 2 0 1 11 25
25 1 2 0 1 25 10
26 1 2 0 1 10 24
27 1 2 0 1 24 9
28 1 2 0 1 9 23
29 1 2 0 1 23 8
30 1 2 0 1 8 22
31 1 2 0 1 22 7
32 1 2 0 1 7 21
33 1 2 0 1 21 6
34 1 2 0 1 6 2
35 1 2 0 2 2 40
36 1 2 0 2 40 34
37 1 2 0 2 34 41
38 1 2 0 2 41 35
39 1 2 0 2 35 42
40 1 2 0 2 42 36
41 1 2 0 2 36 43
42 1 2 0 2 43 37
43 1 2 0 2 37 44
44 1 2 0 2 44 38
45 1 2 0 2 38 45
46 1 2 0 2 45 39
47 1 2 0 2 39 46
48 1 2 0 2 46 3
49 1 2 0 3 3 47
50 1 2 0 3 47 62
51 1 2 0 3 62 61
52 1 2 0 3 61 75
53 1 2 0 3 75 60
54 1 2 0 3 60 74
55 1 2 0 3 74 59
56 1 2 0 3 59 73
57 1 2 0 3 73 58
58 1 2 0 3 58 72
59 1 2 0 3 72 57
60 1 2 0 3 57 71
61 1 2 0 3 71 56
62 1 2 0 3 56 70
63 1 2 0 3 70 55
64 1 2 0 3 55 69
65 1 2 0 3 69 54
66 1 2 0 3 54 68
67 1 2 0 3 68 53
68 1 2 0 3 53 67
69 1 2 0 3 67 52
70 1 2 0 3 52 66
71 1 2 0 3 66 51
72 1 2 0 3 51 65
73 1 2 0 3 65 50
74 1 2 0 3 50 64
75 1 2 0 3 64 49
76 1 2 0 3 49 63
77 1 2 0 3 63 48
78 1 2 0 3 48 4
79 1 2 0 4 4 82
80 1 2 0 4 82 76
81 1 2 0 4 76 83
82 1 2 0 4 83 77
83 1 2 0 4 77 84
84 1 2 0 4 84 78
85 1 2 0 4 78 85
86 1 2 0 4 85 79
87 1 2 0 4 79 86
88 1 2 0 4 86 80
89 1 2 0 4 80 87
90 1 2 0 4 87 81
91 1 2 0 4 81 88
92 1 2 0 4 88 1
93 3 2 0 2 3 47 175 46
94 3 2 0 2 47 62 173 175
95 3 2 0 2 175 173 89 174
96 3 2 0 2 46 175 174 39
97 3 2 0 2 39 174 178 45
98 3 2 0 2 174 89 176 178
99 3 2 0 2 178 176 90 177
100 3 2 0 2 45 178 177 38
101 3 2 0 2 38 177 181 44
102 3 2 0 2 177 90 179 181
103 3 2 0 2 181 179 91 180
104 3 2 0 2 44 181 180 37
105 3 2 0 2 37 180 184 43
106 3 2 0 2 180 91 182 184
107 3 2 0 2 184 182 92 183
108 3 2 0 2 43 184 183 36
109 3 2 0 2 36 183 187 42
110 3 2 0 2 183 92 185 187
111 3 2 0 2 187 185 93 186
112 3 2 0 2 42 187 186 35
113 3 2 0 2 35 186 190 41
114 3 2 0 2 186 93 188 190
115 3 2 0 2 190 188 94 189
116 3 2 0 2 41 190 189 34
117 3 2 0 2 34 189 192 40
118 3 2 0 2 189 94 191 192
119 3 2 0 2 192 191 21 6
120 3 2 0 2 40 192 6 2
121 3 2 0 2 62 61 195 173
122 3 2 0 2 61 75 193 195
123 3 2 0 2 195 193 95 194
124 3 2 0 2 173 195 194 89
125 3 2 0 2 89 194 198 176
126 3 2 0 2 194 95 196 198
127 3 2 0 2 198 196 96 197
128 3 2 0 2 176 198 197 90
129 3 2 0 2 90 197 201 179
130 3 2 0 2 197 96 199 201
131 3 2 0 2 201 199 97 200
132 3 2 0 2 179 201 200 91
133 3 2 0 2 91 200 204 182
134 3 2 0 2 200 97 202 204
135 3 2 0 2 204 202 98 203
136 3 2 0 2 182 204 203 92
137 3 2 0 2 92 203 207 185
138 3 2 0 2 203 98 205 207
139 3 2 0 2 207 205 99 206
140 3 2 0 2 185 207 206 93
141 3 2 0 2 93 206 210 188
142 3 2 0 2 206 99 208 210
143 3 2 0 2 210 208 100 209
144 3 2 0 2 188 210 209 94
145 3 2 0 2 94 209 212 191
146 3 2 0 2 209 100 211 212
147 3 2 0 2 212 211 22 7
148 3 2 0 2 191 212 7 21
149 3 2 0 2 75 60 215 193
150 3 2 0 2 60 74 213 215
151 3 2 0 2 215 213 101 214
152 3 2 0 2 193 215 214 95
153 3 2 0 2 95 214 218 196
154 3 2 0 2 214 101 216 218
155 3 2 0 2 218 216 102 217
156 3 2 0 2 196 218 217 96
157 3 2 0 2 96 217 221 199
158 3 2 0 2 217 102 219 221
159 3 2 0 2 221 219 103 220
160 3 2 0 2 199 221 220 97
161 3 2 0 2 97 220 224 202
162 3 2 0 2 220 103 222 224
163 3 2 0 2 224 222 104 223
164 3 2 0 2 202 224 223 98
165 3 2 0 2 98 223 227 205
166 3 2 0 2 223 104 225 227
167 3 2 0 2 227 225 105 226
168 3 2 0 2 205 227 226 99
169 3 2 0 2 99 226 230 208
170 3 2 0 2 226 105 228 230
171 3 2 0 2 230 228 106 229
172 3 2 0 2 208 230 229 100
173 3 2 0 2 100 229 232 211
174 3 2 0 2 229 106 231 232
175 3 2 0 2 232 231 23 8
176 3 2 0 2 211 232 8 22
177 3 2 0 2 74 59 235 213
178 3 2 0 2 59 73 233 235
179 3 2 0 2 235 233 107 234
180 3 2 0 2 213 235 234 101
181 3 2 0 2 101 234 238 216
182 3 2 0 2 234 107 236 238
183 3 2 0 2 238 236 108 237
184 3 2 0 2 216 238 237 102
185 3 2 0 2 102 237 241 219
186 3 2 0 2 237 108 239 241
187 3 2 0 2 241 239 109 240
188 3 2 0 2 219 241 240 103
189 3 2 0 2 103 240 244 222
190 3 2 0 2 240 109 242 244
191 3 2 0 2 244 242 110 243
192 3 2 0 2 222 244 243 104
193 3 2 0 2 104 243 247 225
194 3 2 0 2 243 110 245 247
195 3 2 0 2 247 245 111 246
196 3 2 0 2 225 247 246 105
197 3 2 0 2 105 246 250 228
198 3 2 0 2 246 111 248 250
199 3 2 0 2 250 248 112 249
200 3 2 0 2 228 250 249 106
201 3 2 0 2 106 249 252 231
202 3 2 0 2 249 112 251 252
203 3 2 0 2 252 251 24 9
204 3 2 0 2 231 252 9 23
205 3 2 0 2 73 58 255 233
206 3 2 0 2 58 72 253 255
207 3 2 0 2 255 253 113 254
208 3 2 0 2 233 255 254 107
209 3 2 0 2 107 254 258 236
210 3 2 0 2 254 113 256 258
211 3 2 0 2 258 256 114 257
212 3 2 0 2 236 258 257 108
213 3 2 0 2 108 257 261 239
214 3 2 0 2 257 114 259 261
215 3 2 0 2 261 259 115 260
216 3 2 0 2 239 261 260 109
217 3 2 0 2 109 260 264 242
218 3 2 0 2 260 115 262 264
219 3 2 0 2 264 262 116 263
220 3 2 0 2 242 264 263 110
221 3 2 0 2 110 263 267 245
222 3 2 0 2 263 116 265 267
223 3 2 0 2 267 265 117 266
224 3 2 0 2 245 267 266 111
225 3 2 0 2 111 266 270 248
226 3 2 0 2 266 117 268 270
227 3 2 0 2 270 268 118 269
228 3 2 0 2 248 270 269 112
229 3 2 0 2 112 269 272 251
230 3 2 0 2 269 118 271 272
231 3 2 0 2 272 271 25 10
232 3 2 0 2 251 272 10 24
233 3 2 0 2 72 57 275 253
234 3 2 0 2 57 71 273 275
235 3 2 0 2 275 273 119 274
236 3 2 0 2 253 275 274 113
237 3 2 0 2 113 274 278 256
238 3 2 0 2 274 119 276 278
239 3 2 0 2 278 276 120 277
240 3 2 0 2 256 278 277 114
241 3 2 0 2 114 277 281 259
242 3 2 0 2 277 120 279 281
243 3 2 0 2 281 279 121 280
244 3 2 0 2 259 281 280 115
245 3 2 0 2 115 280 284 262
246 3 2 0 2 280 121 282 284
247 3 2 0 2 284 282 122 283
248 3 2 0 2 262 284 283 116
249 3 2 0 2 116 283 287 265
250 3 2 0 2 283 122 285 287
251 3 2 0 2 287 285 123 286
252 3 2 0 2 265 287 286 117
253 3 2 0 2 117 286 290 268
254 3 2 0 2 286 123 288 290
255 3 2 0 2 290 288 124 289
256 3 2 0 2 268 290 289 118
257 3 2 0 2 118 289 292 271
258 3 2 0 2 289 124 291 292
259 3 2 0 2 292 291 26 11
260 3 2 0 2 271 292 11 25
261 3 2 0 2 71 56 295 273
262 3 2 0 2 56 70 293 295
263 3 2 0 2 295 293 125 294
264 3 2 0 2 273 295 294 119
265 3 2 0 2 119 294 298 276
266 3 2 0 2 294 125 296 298
267 3 2 0 2 298 296 126 297
268 3 2 0 2 276 298 297 120
269 3 2 0 2 120 297 301 279
270 3 2 0 2 297 126 299 301
271 3 2 0 2 301 299 127 300
272 3 2 0 2 279 301 300 121
273 3 2 0 2 121 300 304 282
274 3 2 0 2 300 127 302 304
275 3 2 0 2 304 302 128 303
276 3 2 0 2 282 304 303 122
277 3 2 0 2 122 303 307 285
278 3 2 0 2 303 128 305 307
279 3 2 0 2 307 305 129 306
280 3 2 0 2 285 307 306 123
281 3 2 0 2 123 306 310 288
282 3 2 0 2 306 129 308 310
283 3 2 0 2 310 308 130 309
284 3 2 0 2 288 310 309 124
285 3 2 0 2 124 309 312 291
286 3 2 0 2 309 130 311 312
287 3 2 0 2 312 311 27 12
288 3 2 0 2 291 312 12 26
289 3 2 0 2 70 55 315 293
290 3 2 0 2 55 69 313 315
291 3 2 0 2 315 313 131 314
292 3 2 0 2 293 315 314 125
293 3 2 0 2 125 314 318 296
294 3 2 0 2 314 131 316 318
295 3 2 0 2 318 316 132 317
296 3 2 0 2 296 318 317 126
297 3 2 0 2 126 317 321 299
298 3 2 0 2 317 132 319 321
299 3 2 0 2 321 319 133 320
300 3 2 0 2 299 321 320 127
301 3 2 0 2 127 320 324 302
302 3 2 0 2 320 133 322 324
303 3 2 0 2 324 322 134 323
304 3 2 0 2 302 324 323 128
305 3 2 0 2 128 323 327 305
306 3 2 0 2 323 134 325 327
307 3 2 0 2 327 325 135 326
308 3 2 0 2 305 327 326 129
309 3 2 0 2 129 326 330 308
310 3 2 0 2 326 135 328 330
311 3 2 0 2 330 328 136 329
312 3 2 0 2 308 330 329 130
313 3 2 0 2 130 329 332 311
314 3 2 0 2 329 136 331 332
315 3 2 0 2 332 331 28 13
316 3 2 0 2 311 332 13 27
317 3 2 0 2 69 54 335 313
318 3 2 0 2 54 68 333 335
319 3 2 0 2 335 333 137 334
320 3 2 0 2 313 335 334 131
321 3 2 0 2 131 334 338 316
322 3 2 0 2 334 137 336 338
323 3 2 0 2 338 336 138 337
324 3 2 0 2 316 338 337 132
325 3 2 0 2 132 337 341 319
326 3 2 0 2 337 138 339 341
327 3 2 0 2 341 339 139 340
328 3 2 0 2 319 341 340 133
329 3 2 0 2 133 340 344 322
330 3 2 0 2 340 139 342 344
331 3 2 0 2 344 342 140 343
332 3 2 0 2 322 344 343 134
333 3 2 0 2 134 343 347 325
334 3 2 0 2 343 140 345 347
335 3 2 0 2 347 345 141 346
336 3 2 0 2 325 347 346 135
337 3 2 0 2 135 346 350 328
338 3 2 0 2 346 141 348 350
339 3 2 0 2 350 348 142 349
340 3 2 0 2 328 350 349 136
341 3 2 0 2 136 349 352 331
342 3 2 0 2 349 142 351 352
343 3 2 0 2 352 351 29 14
344 3 2 0 2 331 352 14 28
345 3 2 0 2 68 53 355 333
346 3 2 0 2 53 67 353 355
347 3 2 0 2 355 353 143 354
348 3 2 0 2 333 355 354 137
349 3 2 0 2 137 354 358 336
350 3 2 0 2 354 143 356 358
351 3 2 0 2 358 356 144 357
352 3 2 0 2 336 358 357 138
353 3 2 0 2 138 357 361 339
354 3 2 0 2 357 144 359 361
355 3 2 0 2 361 359 145 360
356 3 2 0 2 339 361 360 139
357 3 2 0 2 139 360 364 342
358 3 2 0 2 360 145 362 364
359 3 2 0 2 364 362 146 363
360 3 2 0 2 342 364 363 140
361 3 2 0 2 140 363 367 345
362 3 2 0 2 363 146 365 367
363 3 2 0 2 367 365 147 366
364 3 2 0 2 345 367 366 141
365 3 2 0 2 141 366 370 348
366 3 2 0 2 366 147 368 370
367 3 2 0 2 370 368 148 369
368 3 2 0 2 348 370 369 142
369 3 2 0 2 142 369 372 351
370 3 2 0 2 369 148 371 372
371 3 2 0 2 372 371 30 15
372 3 2 0 2 351 372 15 29
373 3 2 0 2 67 52 375 353
374 3 2 0 2 52 66 373 375
375 3 2 0 2 375 373 149 374
376 3 2 0 2 353 375 374 143
377 3 2 0 2 143 374 378 356
378 3 2 0 2 374 149 376 378
379 3 2 0 2 378 376 150 377
380 3 2 0 2 356 378 377 144
381 3 2 0 2 144 377 381 359
382 3 2 0 2 377 150 379 381
383 3 2 0 2 381 379 151 380
384 3 2 0 2 359 381 380 145
385 3 2 0 2 145 380 384 362
386 3 2 0 2 380 151 382 384
387 3 2 0 2 384 382 152 383
388 3 2 0 2 362 384 383 146
389 3 2 0 2 146 383 387 365
390 3 2 0 2 383 152 385 387
391 3 2 0 2 387 385 153 386
392 3 2 0 2 365 387 386 147
393 3 2 0 2 147 386 390 368
394 3 2 0 2 386 153 388 390
395 3 2 0 2 390 388 154 389
396 3 2 0 2 368 390 389 148
397 3 2 0 2 148 389 392 371
398 3 2 0 2 389 154 391 392
399 3 2 0 2 392 391 31 16
400 3 2 0 2 371 392 16 30
401 3 2 0 2 66 51 395 373
402 3 2 0 2 51 65 393 395
403 3 2 0 2 395 393 155 394
404 3 2 0 2 373 395 394 149
405 3 2 0 2 149 394 398 376
406 3 2 0 2 394 155 396 398
407 3 2 0 2 398 396 156 397
408 3 2 0 2 376 398 397 150
409 3 2 0 2 150 397 401 379
410 3 2 0 2 397 156 399 401
411 3 2 0 2 401 399 157 400
412 3 2 0 2 379 401 400 151
413 3 2 0 2 151 400 404 382
414 3 2 0 2 400 157 402 404
415 3 2 0 2 404 402 158 403
416 3 2 0 2 382 404 403 152
417 3 2 0 2 152 403 407 385
418 3 2 0 2 403 158 405 407
419 3 2 0 2 407 405 159 406
420 3 2 0 2 385 407 406 153
421 3 2 0 2 153 406 410 388
422 3 2 0 2 406 159 408 410
423 3 2 0 2 410 408 160 409
424 3 2 0 2 388 410 409 154
425 3 2 0 2 154 409 412 391
426 3 2 0 2 409 160 411 412
427 3 2 0 2 412 411 32 17
428 3 2 0 2 391 412 17 31
429 3 2 0 2 65 50 415 393
430 3 2 0 2 50 64 413 415
431 3 2 0 2 415 413 161 414
432 3 2 0 2 393 415 414 155
433 3 2 0 2 155 414 418 396
434 3 2 0 2 414 161 416 418
435 3 2 0 2 418 416 162 417
436 3 2 0 2 396 418 417 156
437 3 2 0 2 156 417 421 399
438 3 2 0 2 417 162 419 421
439 3 2 0 2 421 419 163 420
440 3 2 0 2 399 421 420 157
441 3 2 0 2 157 420 424 402
442 3 2 0 2 420 163 422 424
443 3 2 0 2 424 422 164 423
444 3 2 0 2 402 424 423 158
445 3 2 0 2 158 423 427 405
446 3 2 0 2 423 164 425 427
447 3 2 0 2 427 425 165 426
448 3 2 0 2 405 427 426 159
449 3 2 0 2 159 426 430 408
450 3 2 0 2 426 165 428 430
451 3 2 0 2 430 428 166 429
452 3 2 0 2 408 430 429 160
453 3 2 0 2 160 429 432 411
454 3 2 0 2 429 166 431 432
455 3 2 0 2 432 431 33 18
456 3 2 0 2 411 432 18 32
457 3 2 0 2 64 49 435 413
458 3 2 0 2 49 63 433 435
459 3 2 0 2 435 433 167 434
460 3 2 0 2 413 435 434 161
461 3 2 0 2 161 434 438 416
462 3 2 0 2 434 167 436 438
463 3 2 0 2 438 436 168 437
464 3 2 0 2 416 438 437 162
465 3 2 0 2 162 437 441 419
466 3 2 0 2 437 168 439 441
467 3 2 0 2 441 439 169 440
468 3 2 0 2 419 441 440 163
469 3 2 0 2 163 440 444 422
470 3 2 0 2 440 169 442 444
471 3 2 0 2 444 442 170 443
472 3 2 0 2 422 444 443 164
473 3 2 0 2 164 443 447 425
474 3 2 0 2 443 170 445 447
475 3 2 0 2 447 445 171 446
476 3 2 0 2 425 447 446 165
477 3 2 0 2 165 446 450 428
478 3 2 0 2 446 171 448 450
479 3 2 0 2 450 448 172 449
480 3 2 0 2 428 450 449 166
481 3 2 0 2 166 449 452 431
482 3 2 0 2 449 172 451 452
483 3 2 0 2 452 451 20 19
484 3 2 0 2 431 452 19 33
485 3 2 0 2 63 48 454 433
486 3 2 0 2 48 4 82 454
487 3 2 0 2 454 82 76 453
488 3 2 0 2 433 454 453 167
489 3 2 0 2 167 453 456 436
490 3 2 0 2 453 76 83 456
491 3 2 0 2 456 83 77 455
492 3 2 0 2 436 456 455 168
493 3 2 0 2 168 455 458 439
494 3 2 0 2 455 77 84 458
495 3 2 0 2 458 84 78 457
496 3 2 0 2 439 458 457 169
497 3 2 0 2 169 457 460 442
498 3 2 0 2 457 78 85 460
499 3 2 0 2 460 85 79 459
500 3 2 0 2 442 460 459 170
501 3 2 0 2 170 459 462 445
502 3 2 0 2 459 79 86 462
503 3 2 0 2 462 86 80 461
504 3 2 0 2 445 462 461 171
505 3 2 0 2 171 461 464 448
506 3 2 0 2 461 80 87 464
507 3 2 0 2 464 87 81 463
508 3 2 0 2 448 464 463 172
509 3 2 0 2 172 463 465 451
510 3 2 0 2 463 81 88 465
511 3 2 0 2 465 88 1 5
512 3 2 0 2 451 465 5 20
$EndElements
