$MeshFormat
2.2 0 8
$EndMeshFormat
$Nodes
165
1 0 0 0
2 1.45 0 0
3 1.45 2.3 0
4 0 2.3 0
5 0.724999999999999 0 0
6 0.3624999999999995 0 0
7 1.087499999999999 0 0
8 0.1812499999999997 0 0
9 0.5437499999999993 0 0
10 0.9062499999999992 0 0
11 1.26875 0 0
12 1.45 0.7666666666666645 0
13 1.45 1.533333333333331 0
14 1.45 0.3833333333333322 0
15 1.45 1.149999999999998 0
16 1.45 1.916666666666665 0
17 1.45 0.1916666666666661 0
18 1.45 0.5749999999999984 0
19 1.45 0.958333333333331 0
20 1.45 1.341666666666664 0
21 1.45 1.724999999999998 0
22 1.45 2.108333333333333 0
23 0.725000000000001 2.3 0
24 1.0875 2.3 0
25 0.3625000000000005 2.3 0
26 1.26875 2.3 0
27 0.9062500000000007 2.3 0
28 0.5437500000000007 2.3 0
29 0.1812500000000002 2.3 0
30 0 1.533333333333335 0
31 0 0.7666666666666686 0
32 0 1.916666666666667 0
33 0 1.150000000000002 0
34 0 0.3833333333333343 0
35 0 2.108333333333333 0
36 0 1.725000000000001 0
37 0 1.341666666666668 0
38 0 0.9583333333333351 0
39 0 0.5750000000000015 0
40 0 0.1916666666666672 0
41 0.7865835575460937 1.101828616161133 0
42 0.4513162324367782 1.626203953282882 0
43 0.8676814221108454 0.5081773309765928 0
44 1.030427138787027 1.623957082638212 0
45 0.5992722701591093 0.406937119404629 0
46 1.240213569393513 1.578645207985772 0
47 0.9085053481665604 1.362892849399672 0
48 1.118291778773047 0.9342476414138987 0
49 1.17925267408328 1.256446424699835 0
50 0.2256581162183891 1.579768643308109 0
51 0.5881581162183895 1.963101976641441 0
52 0.2940790581091948 1.939884321654054 0
53 0.2996361350795547 0.5868018930356488 0
54 0.7334768461349774 0.4575572251906109 0
55 0.8271324898284695 0.8050029735688629 0
56 0.3932917787730468 0.9342476414139008 0
57 0.5633843124540121 0.6959024333022559 0
58 0.6189498949914359 1.364016284722008 0
59 0.309474947495718 1.257008142361005 0
60 1.158840711055423 0.2540886654882964 0
61 1.138566244914235 0.5941681534510975 0
62 0.6621361350795542 0.2034685597023145 0
63 0.3310680675397771 0.2934009465178244 0
64 0.877713569393514 1.961978541319106 0
65 1.163856784696757 1.939322603992886 0
66 0.9104884230674886 0.2287786125953055 0
67 0.748331732192475 1.662997413020557 0
68 1.31462633704164 1.203223212349916 0
69 1.148772226428163 1.095347033056867 0
70 1.284145889386523 0.8504571540402817 0
71 1.299386113214082 1.026840183195099 0
72 1.345106784696757 1.555989270659551 0
73 1.209733121738397 1.417545816342803 0
74 1.329866560869199 1.379606241504734 0
75 1.13532035409027 1.601301145311992 0
76 0.9694662434767937 1.493424966018942 0
77 1.04387901112492 1.309669637049754 0
78 1.089599682607595 1.455485391180873 0
79 0.847544452856327 1.232360732780403 0
80 0.9524376681595703 1.018038128787516 0
81 0.9981583396422452 1.163853882918635 0
82 0.3282895290545976 2.119942160827027 0
83 0.4411185871637922 1.951493149147748 0
84 0.6565790581091953 2.13155098832072 0
85 0.4924342935818964 2.125746574573874 0
86 0.1470395290545974 1.928275494160361 0
87 0.1641447645272988 2.11413774708018 0
88 0.1128290581091946 1.556550988320722 0
89 0.2598685871637919 1.759826482481081 0
90 0.129934293581896 1.742413241240541 0
91 0.3384871743275837 1.602986298295495 0
92 0.5197371743275838 1.794652964962161 0
93 0.3898028807456879 1.777239723721622 0
94 0.1498180675397773 0.6767342798511586 0
95 0.4315102237667834 0.6413521631689523 0
96 0.4783380456135294 0.8150750373580784 0
97 0.1966458893865234 0.8504571540402848 0
98 0.3140780565766534 0.7459046586046185 0
99 0.449454202619332 0.4968695062201389 0
100 0.6663745581470434 0.43224717229762 0
101 0.6484305792944948 0.5767298292464333 0
102 0.5489423909569134 0.536799667733286 0
103 0.8005791341229114 0.4828672780836019 0
104 0.8474069559696575 0.6565901522727278 0
105 0.6952584011412408 0.7504527034355594 0
106 0.7479187676320762 0.6166599907595807 0
107 0.8068580236872815 0.9534157948649979 0
108 0.5899376681595703 1.018038128787517 0
109 0.6425980346504054 0.8842454161115381 0
110 0.3513833631343824 1.095627891887453 0
111 0.154737473747859 1.203504071180503 0
112 0.1756916815671912 1.026980612610394 0
113 0.7027667262687648 1.23292245044157 0
114 0.464212421243577 1.310512213541506 0
115 0.5270750447015736 1.164275171164512 0
116 0.5351330637141071 1.495110119002445 0
117 0.2675665318570535 1.418388392834557 0
118 0.4013497977855803 1.456749255918501 0
119 0.1337832659285268 1.380027529750613 0
120 1.294283122457117 0.4887507433922149 0
121 1.148703477984829 0.424128409469697 0
122 1.304420355527711 0.1270443327441482 0
123 1.299351738992414 0.3078975380681815 0
124 1.128429011843641 0.7642078974324982 0
125 1.289214505921821 0.6696039487162483 0
126 0.9828493673713522 0.6995855635099801 0
127 0.9676435177654612 0.8588118461487481 0
128 1.013261066583134 0.3811329982324446 0
129 0.9980552169772432 0.5403592808712123 0
130 0.1655340337698885 0.3383671399255793 0
131 0.3153521013096658 0.4401014197767366 0
132 0.1576760506548329 0.5075507098883689 0
133 0.3467840337698883 0.1467004732589122 0
134 0.1733920168849442 0.1691835699627897 0
135 0.6935680675397766 0.1017342798511573 0
136 0.4966021013096656 0.2484347531100695 0
137 0.5201760506548325 0.1242173765550347 0
138 0.6307042026193317 0.3052028395534718 0
139 0.4730281519644988 0.3726521296651042 0
140 1.306928392348378 1.927994635329775 0
141 1.202035177045135 1.758983905989329 0
142 1.326017588522568 1.741991952994663 0
143 1.125678392348379 2.119661301996443 0
144 1.287839196174189 2.113997317664888 0
145 0.8013567846967575 2.130989270659553 0
146 1.020785177045135 1.950650572655996 0
147 0.9635175885225681 2.125325286327998 0
148 0.9540703540902704 1.792967811978659 0
149 1.078052765567703 1.775975858983994 0
150 1.034664567061456 0.2414336390418009 0
151 0.998994211533744 0.1143893062976527 0
152 1.151707283530728 0.1207168195209005 0
153 0.821982634601233 0.3431679188929582 0
154 0.9176218505921834 0.3621504585627014 0
155 0.7863122790735213 0.21612358614881 0
156 0.7263434186102823 0.324185379223215 0
157 0.8462811395367604 0.108061793074405 0
158 0.8284185401795177 1.512945131210115 0
159 0.6836408135919554 1.513506848871282 0
160 0.7655926332241412 1.372933790825843 0
161 0.8130226507929945 1.812487977169831 0
162 0.8912444471348941 1.652956471594387 0
163 0.6682449242054322 1.813049694830999 0
164 0.7348008544510949 1.972019482745276 0
165 0.6016889939597696 1.654079906916722 0
$EndNodes
$Elements
188
1 15 2 0 1 1
2 15 2 0 2 2
3 15 2 0 3 3
4 15 2 0 4 4
5 1 2 0 1 1 8
6 1 2 0 1 8 6
7 1 2 0 1 6 9
8 1 2 0 1 9 5
9 1 2 0 1 5 10
10 1 2 0 1 10 7
11 1 2 0 1 7 11
12 1 2 0 1 11 2
13 1 2 0 2 2 17
14 1 2 0 2 17 14
15 1 2 0 2 14 18
16 1 2 0 2 18 12
17 1 2 0 2 12 19
18 1 2 0 2 19 15
19 1 2 0 2 15 20
20 1 2 0 2 20 13
21 1 2 0 2 13 21
22 1 2 0 2 21 16
23 1 2 0 2 16 22
24 1 2 0 2 22 3
25 1 2 0 3 3 26
26 1 2 0 3 26 24
27 1 2 0 3 24 27
28 1 2 0 3 27 23
29 1 2 0 3 23 28
30 1 2 0 3 28 25
31 1 2 0 3 25 29
32 1 2 0 3 29 4
33 1 2 0 4 4 35
34 1 2 0 4 35 32
35 1 2 0 4 32 36
36 1 2 0 4 36 30
37 1 2 0 4 30 37
38 1 2 0 4 37 33
39 1 2 0 4 33 38
40 1 2 0 4 38 31
41 1 2 0 4 31 39
42 1 2 0 4 39 34
43 1 2 0 4 34 40
44 1 2 0 4 40 1
45 3 2 0 1 12 19 71 70
46 3 2 0 1 19 15 68 71
47 3 2 0 1 71 68 49 69
48 3 2 0 1 70 71 69 48
49 3 2 0 1 15 20 74 68
50 3 2 0 1 20 13 72 74
51 3 2 0 1 74 72 46 73
52 3 2 0 1 68 74 73 49
53 3 2 0 1 49 73 78 77
54 3 2 0 1 73 46 75 78
55 3 2 0 1 78 75 44 76
56 3 2 0 1 77 78 76 47
57 3 2 0 1 48 69 81 80
58 3 2 0 1 69 49 77 81
59 3 2 0 1 81 77 47 79
60 3 2 0 1 80 81 79 41
61 3 2 0 1 23 28 85 84
62 3 2 0 1 28 25 82 85
63 3 2 0 1 85 82 52 83
64 3 2 0 1 84 85 83 51
65 3 2 0 1 25 29 87 82
66 3 2 0 1 29 4 35 87
67 3 2 0 1 87 35 32 86
68 3 2 0 1 82 87 86 52
69 3 2 0 1 52 86 90 89
70 3 2 0 1 86 32 36 90
71 3 2 0 1 90 36 30 88
72 3 2 0 1 89 90 88 50
73 3 2 0 1 51 83 93 92
74 3 2 0 1 83 52 89 93
75 3 2 0 1 93 89 50 91
76 3 2 0 1 92 93 91 42
77 3 2 0 1 31 94 98 97
78 3 2 0 1 94 53 95 98
79 3 2 0 1 98 95 57 96
80 3 2 0 1 97 98 96 56
81 3 2 0 1 53 99 102 95
82 3 2 0 1 99 45 100 102
83 3 2 0 1 102 100 54 101
84 3 2 0 1 95 102 101 57
85 3 2 0 1 57 101 106 105
86 3 2 0 1 101 54 103 106
87 3 2 0 1 106 103 43 104
88 3 2 0 1 105 106 104 55
89 3 2 0 1 56 96 109 108
90 3 2 0 1 96 57 105 109
91 3 2 0 1 109 105 55 107
92 3 2 0 1 108 109 107 41
93 3 2 0 1 31 97 112 38
94 3 2 0 1 97 56 110 112
95 3 2 0 1 112 110 59 111
96 3 2 0 1 38 112 111 33
97 3 2 0 1 56 108 115 110
98 3 2 0 1 108 41 113 115
99 3 2 0 1 115 113 58 114
100 3 2 0 1 110 115 114 59
101 3 2 0 1 59 114 118 117
102 3 2 0 1 114 58 116 118
103 3 2 0 1 118 116 42 91
104 3 2 0 1 117 118 91 50
105 3 2 0 1 33 111 119 37
106 3 2 0 1 111 59 117 119
107 3 2 0 1 119 117 50 88
108 3 2 0 1 37 119 88 30
109 3 2 0 1 2 17 123 122
110 3 2 0 1 17 14 120 123
111 3 2 0 1 123 120 61 121
112 3 2 0 1 122 123 121 60
113 3 2 0 1 14 18 125 120
114 3 2 0 1 18 12 70 125
115 3 2 0 1 125 70 48 124
116 3 2 0 1 120 125 124 61
117 3 2 0 1 61 124 127 126
118 3 2 0 1 124 48 80 127
119 3 2 0 1 127 80 41 107
120 3 2 0 1 126 127 107 55
121 3 2 0 1 60 121 129 128
122 3 2 0 1 121 61 126 129
123 3 2 0 1 129 126 55 104
124 3 2 0 1 128 129 104 43
125 3 2 0 1 31 39 132 94
126 3 2 0 1 39 34 130 132
127 3 2 0 1 132 130 63 131
128 3 2 0 1 94 132 131 53
129 3 2 0 1 34 40 134 130
130 3 2 0 1 40 1 8 134
131 3 2 0 1 134 8 6 133
132 3 2 0 1 130 134 133 63
133 3 2 0 1 63 133 137 136
134 3 2 0 1 133 6 9 137
135 3 2 0 1 137 9 5 135
136 3 2 0 1 136 137 135 62
137 3 2 0 1 53 131 139 99
138 3 2 0 1 131 63 136 139
139 3 2 0 1 139 136 62 138
140 3 2 0 1 99 139 138 45
141 3 2 0 1 13 21 142 72
142 3 2 0 1 21 16 140 142
143 3 2 0 1 142 140 65 141
144 3 2 0 1 72 142 141 46
145 3 2 0 1 16 22 144 140
146 3 2 0 1 22 3 26 144
147 3 2 0 1 144 26 24 143
148 3 2 0 1 140 144 143 65
149 3 2 0 1 65 143 147 146
150 3 2 0 1 143 24 27 147
151 3 2 0 1 147 27 23 145
152 3 2 0 1 146 147 145 64
153 3 2 0 1 46 141 149 75
154 3 2 0 1 141 65 146 149
155 3 2 0 1 149 146 64 148
156 3 2 0 1 75 149 148 44
157 3 2 0 1 2 122 152 11
158 3 2 0 1 122 60 150 152
159 3 2 0 1 152 150 66 151
160 3 2 0 1 11 152 151 7
161 3 2 0 1 60 128 154 150
162 3 2 0 1 128 43 103 154
163 3 2 0 1 154 103 54 153
164 3 2 0 1 150 154 153 66
165 3 2 0 1 66 153 156 155
166 3 2 0 1 153 54 100 156
167 3 2 0 1 156 100 45 138
168 3 2 0 1 155 156 138 62
169 3 2 0 1 7 151 157 10
170 3 2 0 1 151 66 155 157
171 3 2 0 1 157 155 62 135
172 3 2 0 1 10 157 135 5
173 3 2 0 1 41 79 160 113
174 3 2 0 1 79 47 158 160
175 3 2 0 1 160 158 67 159
176 3 2 0 1 113 160 159 58
177 3 2 0 1 47 76 162 158
178 3 2 0 1 76 44 148 162
179 3 2 0 1 162 148 64 161
180 3 2 0 1 158 162 161 67
181 3 2 0 1 67 161 164 163
182 3 2 0 1 161 64 145 164
183 3 2 0 1 164 145 23 84
184 3 2 0 1 163 164 84 51
185 3 2 0 1 58 159 165 116
186 3 2 0 1 159 67 163 165
187 3 2 0 1 165 163 51 92
188 3 2 0 1 116 165 92 42
$EndElements
